{
 "cells": [
  {
   "cell_type": "code",
   "execution_count": 1,
   "metadata": {},
   "outputs": [],
   "source": [
    "import pandas as pd\n",
    "import numpy as np\n",
    "import matplotlib\n",
    "import matplotlib.pyplot as plt\n",
    "import seaborn as sns\n",
    "from statsmodels.stats.outliers_influence import variance_inflation_factor\n",
    "from sklearn.linear_model import LinearRegression\n",
    "from sklearn.feature_selection import RFE\n",
    "from sklearn.preprocessing import StandardScaler\n",
    "import statsmodels.api as sm\n",
    "from statsmodels.api import qqplot,add_constant\n",
    "from statsmodels.formula.api import ols\n",
    "import statsmodels.formula.api as smf\n",
    "from statsmodels.tools.eval_measures import rmse\n",
    "import warnings\n",
    "warnings.filterwarnings('ignore')\n",
    "\n",
    "%matplotlib inline\n",
    "matplotlib.rcParams['axes.unicode_minus']=False\n",
    "matplotlib.rc('font',family='NanumGothic')\n",
    "df=pd.read_csv('체질검사.csv',engine='python',encoding='949')"
   ]
  },
  {
   "cell_type": "code",
   "execution_count": 2,
   "metadata": {
    "scrolled": false
   },
   "outputs": [],
   "source": [
    "weight=pd.DataFrame(df['WEIGHT']*0.45)\n",
    "height=pd.DataFrame(df['WEIGHT']*2.54/100)\n",
    "df.insert(4,'BMI',(weight/(height*height)).round(2),True)\n",
    "\n",
    "#bmi 파생변수 생성"
   ]
  },
  {
   "cell_type": "code",
   "execution_count": 3,
   "metadata": {
    "scrolled": true
   },
   "outputs": [
    {
     "data": {
      "text/html": [
       "<div>\n",
       "<style scoped>\n",
       "    .dataframe tbody tr th:only-of-type {\n",
       "        vertical-align: middle;\n",
       "    }\n",
       "\n",
       "    .dataframe tbody tr th {\n",
       "        vertical-align: top;\n",
       "    }\n",
       "\n",
       "    .dataframe thead th {\n",
       "        text-align: right;\n",
       "    }\n",
       "</style>\n",
       "<table border=\"1\" class=\"dataframe\">\n",
       "  <thead>\n",
       "    <tr style=\"text-align: right;\">\n",
       "      <th></th>\n",
       "      <th>FAT</th>\n",
       "      <th>AGE</th>\n",
       "      <th>WEIGHT</th>\n",
       "      <th>HEIGHT</th>\n",
       "      <th>BMI</th>\n",
       "      <th>NECK</th>\n",
       "      <th>CHEST</th>\n",
       "      <th>ABDOMEN</th>\n",
       "      <th>HIP</th>\n",
       "      <th>THIGH</th>\n",
       "      <th>KNEE</th>\n",
       "      <th>ANKLE</th>\n",
       "      <th>BICEPS</th>\n",
       "      <th>FOREARM</th>\n",
       "      <th>WRIST</th>\n",
       "    </tr>\n",
       "  </thead>\n",
       "  <tbody>\n",
       "    <tr>\n",
       "      <th>0</th>\n",
       "      <td>35.2</td>\n",
       "      <td>46</td>\n",
       "      <td>363.15</td>\n",
       "      <td>72.25</td>\n",
       "      <td>1.92</td>\n",
       "      <td>51.2</td>\n",
       "      <td>136.2</td>\n",
       "      <td>148.1</td>\n",
       "      <td>147.7</td>\n",
       "      <td>87.3</td>\n",
       "      <td>49.1</td>\n",
       "      <td>29.6</td>\n",
       "      <td>45.0</td>\n",
       "      <td>29.0</td>\n",
       "      <td>21.4</td>\n",
       "    </tr>\n",
       "    <tr>\n",
       "      <th>1</th>\n",
       "      <td>11.8</td>\n",
       "      <td>27</td>\n",
       "      <td>168.00</td>\n",
       "      <td>71.25</td>\n",
       "      <td>4.15</td>\n",
       "      <td>38.1</td>\n",
       "      <td>93.0</td>\n",
       "      <td>79.1</td>\n",
       "      <td>94.5</td>\n",
       "      <td>57.3</td>\n",
       "      <td>36.2</td>\n",
       "      <td>24.5</td>\n",
       "      <td>29.0</td>\n",
       "      <td>30.0</td>\n",
       "      <td>18.8</td>\n",
       "    </tr>\n",
       "    <tr>\n",
       "      <th>2</th>\n",
       "      <td>22.2</td>\n",
       "      <td>69</td>\n",
       "      <td>177.75</td>\n",
       "      <td>68.50</td>\n",
       "      <td>3.92</td>\n",
       "      <td>38.7</td>\n",
       "      <td>102.0</td>\n",
       "      <td>95.0</td>\n",
       "      <td>98.3</td>\n",
       "      <td>55.0</td>\n",
       "      <td>38.3</td>\n",
       "      <td>21.8</td>\n",
       "      <td>30.8</td>\n",
       "      <td>25.7</td>\n",
       "      <td>18.8</td>\n",
       "    </tr>\n",
       "    <tr>\n",
       "      <th>3</th>\n",
       "      <td>10.6</td>\n",
       "      <td>57</td>\n",
       "      <td>147.75</td>\n",
       "      <td>65.75</td>\n",
       "      <td>4.72</td>\n",
       "      <td>35.2</td>\n",
       "      <td>99.6</td>\n",
       "      <td>86.4</td>\n",
       "      <td>90.1</td>\n",
       "      <td>53.0</td>\n",
       "      <td>35.0</td>\n",
       "      <td>21.3</td>\n",
       "      <td>31.7</td>\n",
       "      <td>27.3</td>\n",
       "      <td>16.9</td>\n",
       "    </tr>\n",
       "    <tr>\n",
       "      <th>4</th>\n",
       "      <td>47.5</td>\n",
       "      <td>51</td>\n",
       "      <td>219.00</td>\n",
       "      <td>64.00</td>\n",
       "      <td>3.18</td>\n",
       "      <td>41.2</td>\n",
       "      <td>119.8</td>\n",
       "      <td>122.1</td>\n",
       "      <td>112.8</td>\n",
       "      <td>62.5</td>\n",
       "      <td>36.9</td>\n",
       "      <td>23.6</td>\n",
       "      <td>34.7</td>\n",
       "      <td>29.1</td>\n",
       "      <td>18.4</td>\n",
       "    </tr>\n",
       "  </tbody>\n",
       "</table>\n",
       "</div>"
      ],
      "text/plain": [
       "    FAT  AGE  WEIGHT  HEIGHT   BMI  NECK  CHEST  ABDOMEN    HIP  THIGH  KNEE  \\\n",
       "0  35.2   46  363.15   72.25  1.92  51.2  136.2    148.1  147.7   87.3  49.1   \n",
       "1  11.8   27  168.00   71.25  4.15  38.1   93.0     79.1   94.5   57.3  36.2   \n",
       "2  22.2   69  177.75   68.50  3.92  38.7  102.0     95.0   98.3   55.0  38.3   \n",
       "3  10.6   57  147.75   65.75  4.72  35.2   99.6     86.4   90.1   53.0  35.0   \n",
       "4  47.5   51  219.00   64.00  3.18  41.2  119.8    122.1  112.8   62.5  36.9   \n",
       "\n",
       "   ANKLE  BICEPS  FOREARM  WRIST  \n",
       "0   29.6    45.0     29.0   21.4  \n",
       "1   24.5    29.0     30.0   18.8  \n",
       "2   21.8    30.8     25.7   18.8  \n",
       "3   21.3    31.7     27.3   16.9  \n",
       "4   23.6    34.7     29.1   18.4  "
      ]
     },
     "execution_count": 3,
     "metadata": {},
     "output_type": "execute_result"
    }
   ],
   "source": [
    "df.head()"
   ]
  },
  {
   "cell_type": "code",
   "execution_count": 4,
   "metadata": {},
   "outputs": [
    {
     "data": {
      "text/html": [
       "<div>\n",
       "<style scoped>\n",
       "    .dataframe tbody tr th:only-of-type {\n",
       "        vertical-align: middle;\n",
       "    }\n",
       "\n",
       "    .dataframe tbody tr th {\n",
       "        vertical-align: top;\n",
       "    }\n",
       "\n",
       "    .dataframe thead th {\n",
       "        text-align: right;\n",
       "    }\n",
       "</style>\n",
       "<table border=\"1\" class=\"dataframe\">\n",
       "  <thead>\n",
       "    <tr style=\"text-align: right;\">\n",
       "      <th></th>\n",
       "      <th>FAT</th>\n",
       "      <th>AGE</th>\n",
       "      <th>WEIGHT</th>\n",
       "      <th>HEIGHT</th>\n",
       "      <th>BMI</th>\n",
       "      <th>NECK</th>\n",
       "      <th>CHEST</th>\n",
       "      <th>ABDOMEN</th>\n",
       "      <th>HIP</th>\n",
       "      <th>THIGH</th>\n",
       "      <th>KNEE</th>\n",
       "      <th>ANKLE</th>\n",
       "      <th>BICEPS</th>\n",
       "      <th>FOREARM</th>\n",
       "      <th>WRIST</th>\n",
       "    </tr>\n",
       "  </thead>\n",
       "  <tbody>\n",
       "    <tr>\n",
       "      <th>FAT</th>\n",
       "      <td>1.000000</td>\n",
       "      <td>0.291458</td>\n",
       "      <td>0.612414</td>\n",
       "      <td>-0.089495</td>\n",
       "      <td>-0.631387</td>\n",
       "      <td>0.490592</td>\n",
       "      <td>0.702620</td>\n",
       "      <td>0.813432</td>\n",
       "      <td>0.625201</td>\n",
       "      <td>0.559608</td>\n",
       "      <td>0.508665</td>\n",
       "      <td>0.265970</td>\n",
       "      <td>0.493271</td>\n",
       "      <td>0.361387</td>\n",
       "      <td>0.346575</td>\n",
       "    </tr>\n",
       "    <tr>\n",
       "      <th>AGE</th>\n",
       "      <td>0.291458</td>\n",
       "      <td>1.000000</td>\n",
       "      <td>-0.012746</td>\n",
       "      <td>-0.171645</td>\n",
       "      <td>0.007846</td>\n",
       "      <td>0.113505</td>\n",
       "      <td>0.176450</td>\n",
       "      <td>0.230409</td>\n",
       "      <td>-0.050332</td>\n",
       "      <td>-0.200096</td>\n",
       "      <td>0.017516</td>\n",
       "      <td>-0.105058</td>\n",
       "      <td>-0.041162</td>\n",
       "      <td>-0.085056</td>\n",
       "      <td>0.213531</td>\n",
       "    </tr>\n",
       "    <tr>\n",
       "      <th>WEIGHT</th>\n",
       "      <td>0.612414</td>\n",
       "      <td>-0.012746</td>\n",
       "      <td>1.000000</td>\n",
       "      <td>0.308279</td>\n",
       "      <td>-0.964291</td>\n",
       "      <td>0.830716</td>\n",
       "      <td>0.894191</td>\n",
       "      <td>0.887995</td>\n",
       "      <td>0.940884</td>\n",
       "      <td>0.868694</td>\n",
       "      <td>0.853167</td>\n",
       "      <td>0.613685</td>\n",
       "      <td>0.800416</td>\n",
       "      <td>0.630301</td>\n",
       "      <td>0.729775</td>\n",
       "    </tr>\n",
       "    <tr>\n",
       "      <th>HEIGHT</th>\n",
       "      <td>-0.089495</td>\n",
       "      <td>-0.171645</td>\n",
       "      <td>0.308279</td>\n",
       "      <td>1.000000</td>\n",
       "      <td>-0.330742</td>\n",
       "      <td>0.253710</td>\n",
       "      <td>0.134892</td>\n",
       "      <td>0.087813</td>\n",
       "      <td>0.170394</td>\n",
       "      <td>0.148436</td>\n",
       "      <td>0.286053</td>\n",
       "      <td>0.264744</td>\n",
       "      <td>0.207816</td>\n",
       "      <td>0.228649</td>\n",
       "      <td>0.322065</td>\n",
       "    </tr>\n",
       "    <tr>\n",
       "      <th>BMI</th>\n",
       "      <td>-0.631387</td>\n",
       "      <td>0.007846</td>\n",
       "      <td>-0.964291</td>\n",
       "      <td>-0.330742</td>\n",
       "      <td>1.000000</td>\n",
       "      <td>-0.806203</td>\n",
       "      <td>-0.878447</td>\n",
       "      <td>-0.863439</td>\n",
       "      <td>-0.898539</td>\n",
       "      <td>-0.849374</td>\n",
       "      <td>-0.849760</td>\n",
       "      <td>-0.605395</td>\n",
       "      <td>-0.791713</td>\n",
       "      <td>-0.674167</td>\n",
       "      <td>-0.733083</td>\n",
       "    </tr>\n",
       "    <tr>\n",
       "      <th>NECK</th>\n",
       "      <td>0.490592</td>\n",
       "      <td>0.113505</td>\n",
       "      <td>0.830716</td>\n",
       "      <td>0.253710</td>\n",
       "      <td>-0.806203</td>\n",
       "      <td>1.000000</td>\n",
       "      <td>0.784835</td>\n",
       "      <td>0.754077</td>\n",
       "      <td>0.734958</td>\n",
       "      <td>0.695697</td>\n",
       "      <td>0.672405</td>\n",
       "      <td>0.477892</td>\n",
       "      <td>0.731146</td>\n",
       "      <td>0.623660</td>\n",
       "      <td>0.744826</td>\n",
       "    </tr>\n",
       "    <tr>\n",
       "      <th>CHEST</th>\n",
       "      <td>0.702620</td>\n",
       "      <td>0.176450</td>\n",
       "      <td>0.894191</td>\n",
       "      <td>0.134892</td>\n",
       "      <td>-0.878447</td>\n",
       "      <td>0.784835</td>\n",
       "      <td>1.000000</td>\n",
       "      <td>0.915828</td>\n",
       "      <td>0.829420</td>\n",
       "      <td>0.729859</td>\n",
       "      <td>0.719496</td>\n",
       "      <td>0.482988</td>\n",
       "      <td>0.727907</td>\n",
       "      <td>0.580173</td>\n",
       "      <td>0.660162</td>\n",
       "    </tr>\n",
       "    <tr>\n",
       "      <th>ABDOMEN</th>\n",
       "      <td>0.813432</td>\n",
       "      <td>0.230409</td>\n",
       "      <td>0.887995</td>\n",
       "      <td>0.087813</td>\n",
       "      <td>-0.863439</td>\n",
       "      <td>0.754077</td>\n",
       "      <td>0.915828</td>\n",
       "      <td>1.000000</td>\n",
       "      <td>0.874066</td>\n",
       "      <td>0.766624</td>\n",
       "      <td>0.737179</td>\n",
       "      <td>0.453223</td>\n",
       "      <td>0.684983</td>\n",
       "      <td>0.503316</td>\n",
       "      <td>0.619832</td>\n",
       "    </tr>\n",
       "    <tr>\n",
       "      <th>HIP</th>\n",
       "      <td>0.625201</td>\n",
       "      <td>-0.050332</td>\n",
       "      <td>0.940884</td>\n",
       "      <td>0.170394</td>\n",
       "      <td>-0.898539</td>\n",
       "      <td>0.734958</td>\n",
       "      <td>0.829420</td>\n",
       "      <td>0.874066</td>\n",
       "      <td>1.000000</td>\n",
       "      <td>0.896410</td>\n",
       "      <td>0.823473</td>\n",
       "      <td>0.558387</td>\n",
       "      <td>0.739273</td>\n",
       "      <td>0.545014</td>\n",
       "      <td>0.630090</td>\n",
       "    </tr>\n",
       "    <tr>\n",
       "      <th>THIGH</th>\n",
       "      <td>0.559608</td>\n",
       "      <td>-0.200096</td>\n",
       "      <td>0.868694</td>\n",
       "      <td>0.148436</td>\n",
       "      <td>-0.849374</td>\n",
       "      <td>0.695697</td>\n",
       "      <td>0.729859</td>\n",
       "      <td>0.766624</td>\n",
       "      <td>0.896410</td>\n",
       "      <td>1.000000</td>\n",
       "      <td>0.799170</td>\n",
       "      <td>0.539797</td>\n",
       "      <td>0.761477</td>\n",
       "      <td>0.566842</td>\n",
       "      <td>0.558685</td>\n",
       "    </tr>\n",
       "    <tr>\n",
       "      <th>KNEE</th>\n",
       "      <td>0.508665</td>\n",
       "      <td>0.017516</td>\n",
       "      <td>0.853167</td>\n",
       "      <td>0.286053</td>\n",
       "      <td>-0.849760</td>\n",
       "      <td>0.672405</td>\n",
       "      <td>0.719496</td>\n",
       "      <td>0.737179</td>\n",
       "      <td>0.823473</td>\n",
       "      <td>0.799170</td>\n",
       "      <td>1.000000</td>\n",
       "      <td>0.611608</td>\n",
       "      <td>0.678709</td>\n",
       "      <td>0.555898</td>\n",
       "      <td>0.664507</td>\n",
       "    </tr>\n",
       "    <tr>\n",
       "      <th>ANKLE</th>\n",
       "      <td>0.265970</td>\n",
       "      <td>-0.105058</td>\n",
       "      <td>0.613685</td>\n",
       "      <td>0.264744</td>\n",
       "      <td>-0.605395</td>\n",
       "      <td>0.477892</td>\n",
       "      <td>0.482988</td>\n",
       "      <td>0.453223</td>\n",
       "      <td>0.558387</td>\n",
       "      <td>0.539797</td>\n",
       "      <td>0.611608</td>\n",
       "      <td>1.000000</td>\n",
       "      <td>0.484855</td>\n",
       "      <td>0.419050</td>\n",
       "      <td>0.566195</td>\n",
       "    </tr>\n",
       "    <tr>\n",
       "      <th>BICEPS</th>\n",
       "      <td>0.493271</td>\n",
       "      <td>-0.041162</td>\n",
       "      <td>0.800416</td>\n",
       "      <td>0.207816</td>\n",
       "      <td>-0.791713</td>\n",
       "      <td>0.731146</td>\n",
       "      <td>0.727907</td>\n",
       "      <td>0.684983</td>\n",
       "      <td>0.739273</td>\n",
       "      <td>0.761477</td>\n",
       "      <td>0.678709</td>\n",
       "      <td>0.484855</td>\n",
       "      <td>1.000000</td>\n",
       "      <td>0.678255</td>\n",
       "      <td>0.632126</td>\n",
       "    </tr>\n",
       "    <tr>\n",
       "      <th>FOREARM</th>\n",
       "      <td>0.361387</td>\n",
       "      <td>-0.085056</td>\n",
       "      <td>0.630301</td>\n",
       "      <td>0.228649</td>\n",
       "      <td>-0.674167</td>\n",
       "      <td>0.623660</td>\n",
       "      <td>0.580173</td>\n",
       "      <td>0.503316</td>\n",
       "      <td>0.545014</td>\n",
       "      <td>0.566842</td>\n",
       "      <td>0.555898</td>\n",
       "      <td>0.419050</td>\n",
       "      <td>0.678255</td>\n",
       "      <td>1.000000</td>\n",
       "      <td>0.585588</td>\n",
       "    </tr>\n",
       "    <tr>\n",
       "      <th>WRIST</th>\n",
       "      <td>0.346575</td>\n",
       "      <td>0.213531</td>\n",
       "      <td>0.729775</td>\n",
       "      <td>0.322065</td>\n",
       "      <td>-0.733083</td>\n",
       "      <td>0.744826</td>\n",
       "      <td>0.660162</td>\n",
       "      <td>0.619832</td>\n",
       "      <td>0.630090</td>\n",
       "      <td>0.558685</td>\n",
       "      <td>0.664507</td>\n",
       "      <td>0.566195</td>\n",
       "      <td>0.632126</td>\n",
       "      <td>0.585588</td>\n",
       "      <td>1.000000</td>\n",
       "    </tr>\n",
       "  </tbody>\n",
       "</table>\n",
       "</div>"
      ],
      "text/plain": [
       "              FAT       AGE    WEIGHT    HEIGHT       BMI      NECK     CHEST  \\\n",
       "FAT      1.000000  0.291458  0.612414 -0.089495 -0.631387  0.490592  0.702620   \n",
       "AGE      0.291458  1.000000 -0.012746 -0.171645  0.007846  0.113505  0.176450   \n",
       "WEIGHT   0.612414 -0.012746  1.000000  0.308279 -0.964291  0.830716  0.894191   \n",
       "HEIGHT  -0.089495 -0.171645  0.308279  1.000000 -0.330742  0.253710  0.134892   \n",
       "BMI     -0.631387  0.007846 -0.964291 -0.330742  1.000000 -0.806203 -0.878447   \n",
       "NECK     0.490592  0.113505  0.830716  0.253710 -0.806203  1.000000  0.784835   \n",
       "CHEST    0.702620  0.176450  0.894191  0.134892 -0.878447  0.784835  1.000000   \n",
       "ABDOMEN  0.813432  0.230409  0.887995  0.087813 -0.863439  0.754077  0.915828   \n",
       "HIP      0.625201 -0.050332  0.940884  0.170394 -0.898539  0.734958  0.829420   \n",
       "THIGH    0.559608 -0.200096  0.868694  0.148436 -0.849374  0.695697  0.729859   \n",
       "KNEE     0.508665  0.017516  0.853167  0.286053 -0.849760  0.672405  0.719496   \n",
       "ANKLE    0.265970 -0.105058  0.613685  0.264744 -0.605395  0.477892  0.482988   \n",
       "BICEPS   0.493271 -0.041162  0.800416  0.207816 -0.791713  0.731146  0.727907   \n",
       "FOREARM  0.361387 -0.085056  0.630301  0.228649 -0.674167  0.623660  0.580173   \n",
       "WRIST    0.346575  0.213531  0.729775  0.322065 -0.733083  0.744826  0.660162   \n",
       "\n",
       "          ABDOMEN       HIP     THIGH      KNEE     ANKLE    BICEPS   FOREARM  \\\n",
       "FAT      0.813432  0.625201  0.559608  0.508665  0.265970  0.493271  0.361387   \n",
       "AGE      0.230409 -0.050332 -0.200096  0.017516 -0.105058 -0.041162 -0.085056   \n",
       "WEIGHT   0.887995  0.940884  0.868694  0.853167  0.613685  0.800416  0.630301   \n",
       "HEIGHT   0.087813  0.170394  0.148436  0.286053  0.264744  0.207816  0.228649   \n",
       "BMI     -0.863439 -0.898539 -0.849374 -0.849760 -0.605395 -0.791713 -0.674167   \n",
       "NECK     0.754077  0.734958  0.695697  0.672405  0.477892  0.731146  0.623660   \n",
       "CHEST    0.915828  0.829420  0.729859  0.719496  0.482988  0.727907  0.580173   \n",
       "ABDOMEN  1.000000  0.874066  0.766624  0.737179  0.453223  0.684983  0.503316   \n",
       "HIP      0.874066  1.000000  0.896410  0.823473  0.558387  0.739273  0.545014   \n",
       "THIGH    0.766624  0.896410  1.000000  0.799170  0.539797  0.761477  0.566842   \n",
       "KNEE     0.737179  0.823473  0.799170  1.000000  0.611608  0.678709  0.555898   \n",
       "ANKLE    0.453223  0.558387  0.539797  0.611608  1.000000  0.484855  0.419050   \n",
       "BICEPS   0.684983  0.739273  0.761477  0.678709  0.484855  1.000000  0.678255   \n",
       "FOREARM  0.503316  0.545014  0.566842  0.555898  0.419050  0.678255  1.000000   \n",
       "WRIST    0.619832  0.630090  0.558685  0.664507  0.566195  0.632126  0.585588   \n",
       "\n",
       "            WRIST  \n",
       "FAT      0.346575  \n",
       "AGE      0.213531  \n",
       "WEIGHT   0.729775  \n",
       "HEIGHT   0.322065  \n",
       "BMI     -0.733083  \n",
       "NECK     0.744826  \n",
       "CHEST    0.660162  \n",
       "ABDOMEN  0.619832  \n",
       "HIP      0.630090  \n",
       "THIGH    0.558685  \n",
       "KNEE     0.664507  \n",
       "ANKLE    0.566195  \n",
       "BICEPS   0.632126  \n",
       "FOREARM  0.585588  \n",
       "WRIST    1.000000  "
      ]
     },
     "execution_count": 4,
     "metadata": {},
     "output_type": "execute_result"
    }
   ],
   "source": [
    "df.corr()\n",
    "\n",
    "#weight와 bmi, neck,chest,abdomen,hip,thigh 간의 상관관계가 보여진다.\n",
    "#그 외에도 chest와 neck,abdomen 등 다른 변수들에서도 상관관계가 다수 보인다."
   ]
  },
  {
   "cell_type": "code",
   "execution_count": 5,
   "metadata": {},
   "outputs": [
    {
     "data": {
      "text/html": [
       "<div>\n",
       "<style scoped>\n",
       "    .dataframe tbody tr th:only-of-type {\n",
       "        vertical-align: middle;\n",
       "    }\n",
       "\n",
       "    .dataframe tbody tr th {\n",
       "        vertical-align: top;\n",
       "    }\n",
       "\n",
       "    .dataframe thead th {\n",
       "        text-align: right;\n",
       "    }\n",
       "</style>\n",
       "<table border=\"1\" class=\"dataframe\">\n",
       "  <thead>\n",
       "    <tr style=\"text-align: right;\">\n",
       "      <th></th>\n",
       "      <th>variable</th>\n",
       "      <th>VIF</th>\n",
       "    </tr>\n",
       "  </thead>\n",
       "  <tbody>\n",
       "    <tr>\n",
       "      <th>3</th>\n",
       "      <td>HEIGHT</td>\n",
       "      <td>1.755</td>\n",
       "    </tr>\n",
       "    <tr>\n",
       "      <th>11</th>\n",
       "      <td>ANKLE</td>\n",
       "      <td>1.909</td>\n",
       "    </tr>\n",
       "    <tr>\n",
       "      <th>1</th>\n",
       "      <td>AGE</td>\n",
       "      <td>2.254</td>\n",
       "    </tr>\n",
       "    <tr>\n",
       "      <th>13</th>\n",
       "      <td>FOREARM</td>\n",
       "      <td>2.367</td>\n",
       "    </tr>\n",
       "    <tr>\n",
       "      <th>14</th>\n",
       "      <td>WRIST</td>\n",
       "      <td>3.413</td>\n",
       "    </tr>\n",
       "    <tr>\n",
       "      <th>12</th>\n",
       "      <td>BICEPS</td>\n",
       "      <td>3.620</td>\n",
       "    </tr>\n",
       "    <tr>\n",
       "      <th>5</th>\n",
       "      <td>NECK</td>\n",
       "      <td>4.355</td>\n",
       "    </tr>\n",
       "    <tr>\n",
       "      <th>10</th>\n",
       "      <td>KNEE</td>\n",
       "      <td>4.747</td>\n",
       "    </tr>\n",
       "    <tr>\n",
       "      <th>9</th>\n",
       "      <td>THIGH</td>\n",
       "      <td>7.950</td>\n",
       "    </tr>\n",
       "    <tr>\n",
       "      <th>6</th>\n",
       "      <td>CHEST</td>\n",
       "      <td>9.714</td>\n",
       "    </tr>\n",
       "    <tr>\n",
       "      <th>7</th>\n",
       "      <td>ABDOMEN</td>\n",
       "      <td>11.963</td>\n",
       "    </tr>\n",
       "    <tr>\n",
       "      <th>8</th>\n",
       "      <td>HIP</td>\n",
       "      <td>14.887</td>\n",
       "    </tr>\n",
       "    <tr>\n",
       "      <th>4</th>\n",
       "      <td>BMI</td>\n",
       "      <td>18.613</td>\n",
       "    </tr>\n",
       "    <tr>\n",
       "      <th>2</th>\n",
       "      <td>WEIGHT</td>\n",
       "      <td>40.064</td>\n",
       "    </tr>\n",
       "    <tr>\n",
       "      <th>0</th>\n",
       "      <td>const</td>\n",
       "      <td>9309.856</td>\n",
       "    </tr>\n",
       "  </tbody>\n",
       "</table>\n",
       "</div>"
      ],
      "text/plain": [
       "   variable       VIF\n",
       "3    HEIGHT     1.755\n",
       "11    ANKLE     1.909\n",
       "1       AGE     2.254\n",
       "13  FOREARM     2.367\n",
       "14    WRIST     3.413\n",
       "12   BICEPS     3.620\n",
       "5      NECK     4.355\n",
       "10     KNEE     4.747\n",
       "9     THIGH     7.950\n",
       "6     CHEST     9.714\n",
       "7   ABDOMEN    11.963\n",
       "8       HIP    14.887\n",
       "4       BMI    18.613\n",
       "2    WEIGHT    40.064\n",
       "0     const  9309.856"
      ]
     },
     "execution_count": 5,
     "metadata": {},
     "output_type": "execute_result"
    }
   ],
   "source": [
    "df_x=df.drop('FAT',axis=1)\n",
    "df_x_const=add_constant(df_x)\n",
    "df_vif=pd.DataFrame()\n",
    "df_vif['variable']=df_x_const.columns\n",
    "df_vif['VIF']=[variance_inflation_factor(df_x_const.values,i)for i in range(df_x_const.shape[1])]\n",
    "df_vif.sort_values('VIF',inplace=True)\n",
    "df_vif.round(3)\n",
    "\n",
    "#다중공선성 확인 결과 ABDOMEN, HIP, BMI, WEIGHT 의 VIF가 높다."
   ]
  },
  {
   "cell_type": "code",
   "execution_count": 6,
   "metadata": {},
   "outputs": [
    {
     "name": "stdout",
     "output_type": "stream",
     "text": [
      "                            OLS Regression Results                            \n",
      "==============================================================================\n",
      "Dep. Variable:                    FAT   R-squared:                       0.762\n",
      "Model:                            OLS   Adj. R-squared:                  0.748\n",
      "Method:                 Least Squares   F-statistic:                     54.27\n",
      "Date:                Thu, 02 May 2019   Prob (F-statistic):           1.08e-65\n",
      "Time:                        20:38:24   Log-Likelihood:                -711.45\n",
      "No. Observations:                 252   AIC:                             1453.\n",
      "Df Residuals:                     237   BIC:                             1506.\n",
      "Df Model:                          14                                         \n",
      "Covariance Type:            nonrobust                                         \n",
      "==============================================================================\n",
      "                 coef    std err          t      P>|t|      [0.025      0.975]\n",
      "------------------------------------------------------------------------------\n",
      "Intercept     51.0839     25.525      2.001      0.046       0.799     101.369\n",
      "AGE            0.0669      0.032      2.118      0.035       0.005       0.129\n",
      "WEIGHT        -0.1722      0.057     -3.015      0.003      -0.285      -0.060\n",
      "HEIGHT        -0.1439      0.096     -1.501      0.135      -0.333       0.045\n",
      "BMI           -6.6702      1.840     -3.625      0.000     -10.295      -3.045\n",
      "NECK          -0.4011      0.228     -1.762      0.079      -0.849       0.047\n",
      "CHEST         -0.0812      0.098     -0.828      0.408      -0.274       0.112\n",
      "ABDOMEN        0.9153      0.085     10.765      0.000       0.748       1.083\n",
      "HIP           -0.1671      0.143     -1.171      0.243      -0.448       0.114\n",
      "THIGH          0.1601      0.142      1.124      0.262      -0.120       0.441\n",
      "KNEE          -0.1310      0.239     -0.547      0.585      -0.603       0.341\n",
      "ANKLE          0.1533      0.216      0.710      0.479      -0.272       0.579\n",
      "BICEPS         0.1814      0.167      1.087      0.278      -0.147       0.510\n",
      "FOREARM        0.2533      0.202      1.255      0.211      -0.144       0.651\n",
      "WRIST         -1.8150      0.525     -3.460      0.001      -2.848      -0.782\n",
      "==============================================================================\n",
      "Omnibus:                        2.763   Durbin-Watson:                   2.110\n",
      "Prob(Omnibus):                  0.251   Jarque-Bera (JB):                2.049\n",
      "Skew:                           0.000   Prob(JB):                        0.359\n",
      "Kurtosis:                       2.558   Cond. No.                     2.69e+04\n",
      "==============================================================================\n",
      "\n",
      "Warnings:\n",
      "[1] Standard Errors assume that the covariance matrix of the errors is correctly specified.\n",
      "[2] The condition number is large, 2.69e+04. This might indicate that there are\n",
      "strong multicollinearity or other numerical problems.\n"
     ]
    }
   ],
   "source": [
    "reg_model=smf.ols(formula='FAT~AGE+WEIGHT+HEIGHT+ BMI+NECK+CHEST+ABDOMEN+HIP+THIGH+KNEE\\\n",
    "+ANKLE+BICEPS+FOREARM+WRIST',data=df)\n",
    "reg_result=reg_model.fit()\n",
    "print(reg_result.summary())\n",
    "\n",
    "#전체 변수를 넣고 다중회귀분석을 한 결과 p값이 0.05보다 작으므로 유의함.\n",
    "#R-squared가 0.762로 다음 회귀식의 설명력인 높음.\n"
   ]
  },
  {
   "cell_type": "code",
   "execution_count": 7,
   "metadata": {},
   "outputs": [
    {
     "name": "stdout",
     "output_type": "stream",
     "text": [
      "selected variable : Index(['BMI', 'NECK', 'ABDOMEN', 'BICEPS', 'WRIST'], dtype='object')\n",
      "removed variable : Index(['AGE', 'WEIGHT', 'HEIGHT', 'CHEST', 'HIP', 'THIGH', 'KNEE', 'ANKLE',\n",
      "       'FOREARM'],\n",
      "      dtype='object')\n"
     ]
    }
   ],
   "source": [
    "df_x=df.drop(['FAT'],axis=1)\n",
    "df_y=df['FAT']\n",
    "model=LinearRegression()\n",
    "rfe=RFE(estimator=model,n_features_to_select=5).fit(df_x,df_y)\n",
    "selected_cols=df_x.columns[rfe.support_]\n",
    "removed_cols=df_x.columns[~rfe.support_]\n",
    "print('selected variable : {}'.format(selected_cols))\n",
    "print('removed variable : {}'.format(removed_cols))\n",
    "\n",
    "#후진제거법을 통해 'BMI', 'NECK', 'ABDOMEN', 'BICEPS', 'WRIST' 변수를 선택함."
   ]
  },
  {
   "cell_type": "code",
   "execution_count": 8,
   "metadata": {},
   "outputs": [
    {
     "name": "stdout",
     "output_type": "stream",
     "text": [
      "                            OLS Regression Results                            \n",
      "==============================================================================\n",
      "Dep. Variable:                    FAT   R-squared:                       0.712\n",
      "Model:                            OLS   Adj. R-squared:                  0.706\n",
      "Method:                 Least Squares   F-statistic:                     121.6\n",
      "Date:                Thu, 02 May 2019   Prob (F-statistic):           2.09e-64\n",
      "Time:                        20:38:25   Log-Likelihood:                -735.64\n",
      "No. Observations:                 252   AIC:                             1483.\n",
      "Df Residuals:                     246   BIC:                             1504.\n",
      "Df Model:                           5                                         \n",
      "Covariance Type:            nonrobust                                         \n",
      "==============================================================================\n",
      "                 coef    std err          t      P>|t|      [0.025      0.975]\n",
      "------------------------------------------------------------------------------\n",
      "Intercept    -17.0492     15.118     -1.128      0.261     -46.827      12.729\n",
      "BMI            1.0579      1.195      0.885      0.377      -1.296       3.412\n",
      "NECK          -0.5835      0.227     -2.565      0.011      -1.031      -0.135\n",
      "ABDOMEN        0.8412      0.054     15.536      0.000       0.735       0.948\n",
      "BICEPS         0.1216      0.161      0.756      0.450      -0.195       0.438\n",
      "WRIST         -1.5162      0.492     -3.082      0.002      -2.485      -0.547\n",
      "==============================================================================\n",
      "Omnibus:                        0.869   Durbin-Watson:                   2.099\n",
      "Prob(Omnibus):                  0.648   Jarque-Bera (JB):                0.613\n",
      "Skew:                          -0.096   Prob(JB):                        0.736\n",
      "Kurtosis:                       3.147   Cond. No.                     5.69e+03\n",
      "==============================================================================\n",
      "\n",
      "Warnings:\n",
      "[1] Standard Errors assume that the covariance matrix of the errors is correctly specified.\n",
      "[2] The condition number is large, 5.69e+03. This might indicate that there are\n",
      "strong multicollinearity or other numerical problems.\n"
     ]
    }
   ],
   "source": [
    "reg_model=smf.ols(formula='FAT~ BMI+NECK+ABDOMEN+BICEPS+WRIST',data=df)\n",
    "reg_result=reg_model.fit()\n",
    "print(reg_result.summary())\n",
    "\n",
    "#다중공선성이 높은 변수를 제거하고 회귀식을 구현함.\n",
    "#회귀식의 결과 p값이 0.05보다 작으므로 다음 회귀식은 유의함.\n",
    "#R-squared 값이 0.712므로 모델 설명력이 높음."
   ]
  },
  {
   "cell_type": "code",
   "execution_count": 9,
   "metadata": {},
   "outputs": [
    {
     "data": {
      "text/html": [
       "<div>\n",
       "<style scoped>\n",
       "    .dataframe tbody tr th:only-of-type {\n",
       "        vertical-align: middle;\n",
       "    }\n",
       "\n",
       "    .dataframe tbody tr th {\n",
       "        vertical-align: top;\n",
       "    }\n",
       "\n",
       "    .dataframe thead th {\n",
       "        text-align: right;\n",
       "    }\n",
       "</style>\n",
       "<table border=\"1\" class=\"dataframe\">\n",
       "  <thead>\n",
       "    <tr style=\"text-align: right;\">\n",
       "      <th></th>\n",
       "      <th>variable</th>\n",
       "      <th>VIF</th>\n",
       "    </tr>\n",
       "  </thead>\n",
       "  <tbody>\n",
       "    <tr>\n",
       "      <th>5</th>\n",
       "      <td>WRIST</td>\n",
       "      <td>2.573</td>\n",
       "    </tr>\n",
       "    <tr>\n",
       "      <th>4</th>\n",
       "      <td>BICEPS</td>\n",
       "      <td>2.877</td>\n",
       "    </tr>\n",
       "    <tr>\n",
       "      <th>2</th>\n",
       "      <td>NECK</td>\n",
       "      <td>3.727</td>\n",
       "    </tr>\n",
       "    <tr>\n",
       "      <th>3</th>\n",
       "      <td>ABDOMEN</td>\n",
       "      <td>4.156</td>\n",
       "    </tr>\n",
       "    <tr>\n",
       "      <th>1</th>\n",
       "      <td>BMI</td>\n",
       "      <td>6.725</td>\n",
       "    </tr>\n",
       "    <tr>\n",
       "      <th>0</th>\n",
       "      <td>const</td>\n",
       "      <td>2797.891</td>\n",
       "    </tr>\n",
       "  </tbody>\n",
       "</table>\n",
       "</div>"
      ],
      "text/plain": [
       "  variable       VIF\n",
       "5    WRIST     2.573\n",
       "4   BICEPS     2.877\n",
       "2     NECK     3.727\n",
       "3  ABDOMEN     4.156\n",
       "1      BMI     6.725\n",
       "0    const  2797.891"
      ]
     },
     "execution_count": 9,
     "metadata": {},
     "output_type": "execute_result"
    }
   ],
   "source": [
    "df_x=df.drop(['FAT','AGE', 'WEIGHT', 'HEIGHT', 'CHEST', 'HIP', 'THIGH', 'KNEE', 'ANKLE',\n",
    "       'FOREARM'],axis=1)\n",
    "df_x_const=add_constant(df_x)\n",
    "df_vif=pd.DataFrame()\n",
    "df_vif['variable']=df_x_const.columns\n",
    "df_vif['VIF']=[variance_inflation_factor(df_x_const.values,i)for i in range(df_x_const.shape[1])]\n",
    "df_vif.sort_values('VIF',inplace=True)\n",
    "df_vif.round(3)\n",
    "\n",
    "#후진제거법을 통해 다중공선성이 높은 변수를 제거하고 다시 다중선성을 분석함\n",
    "#분석 결과 변수들 간의 관계가 적음."
   ]
  },
  {
   "cell_type": "code",
   "execution_count": 10,
   "metadata": {},
   "outputs": [
    {
     "name": "stdout",
     "output_type": "stream",
     "text": [
      "                            OLS Regression Results                            \n",
      "==============================================================================\n",
      "Dep. Variable:                    FAT   R-squared:                       0.712\n",
      "Model:                            OLS   Adj. R-squared:                  0.706\n",
      "Method:                 Least Squares   F-statistic:                     121.6\n",
      "Date:                Thu, 02 May 2019   Prob (F-statistic):           2.09e-64\n",
      "Time:                        20:38:26   Log-Likelihood:                -735.64\n",
      "No. Observations:                 252   AIC:                             1483.\n",
      "Df Residuals:                     246   BIC:                             1504.\n",
      "Df Model:                           5                                         \n",
      "Covariance Type:            nonrobust                                         \n",
      "==============================================================================\n",
      "                 coef    std err          t      P>|t|      [0.025      0.975]\n",
      "------------------------------------------------------------------------------\n",
      "Intercept     19.1508      0.286     67.003      0.000      18.588      19.714\n",
      "BMI            0.6562      0.741      0.885      0.377      -0.804       2.116\n",
      "NECK          -1.4155      0.552     -2.565      0.011      -2.502      -0.329\n",
      "ABDOMEN        9.0524      0.583     15.536      0.000       7.905      10.200\n",
      "BICEPS         0.3666      0.485      0.756      0.450      -0.588       1.322\n",
      "WRIST         -1.4127      0.458     -3.082      0.002      -2.316      -0.510\n",
      "==============================================================================\n",
      "Omnibus:                        0.869   Durbin-Watson:                   2.099\n",
      "Prob(Omnibus):                  0.648   Jarque-Bera (JB):                0.613\n",
      "Skew:                          -0.096   Prob(JB):                        0.736\n",
      "Kurtosis:                       3.147   Cond. No.                         6.14\n",
      "==============================================================================\n",
      "\n",
      "Warnings:\n",
      "[1] Standard Errors assume that the covariance matrix of the errors is correctly specified.\n"
     ]
    },
    {
     "data": {
      "text/plain": [
       "<matplotlib.axes._subplots.AxesSubplot at 0x7fb838aa4a20>"
      ]
     },
     "execution_count": 10,
     "metadata": {},
     "output_type": "execute_result"
    },
    {
     "data": {
